[runtime.z3str3]
rel = [ 0.8786855765743279, 2.4268596627023316,]
rel_weighted = [ 3.3916762047982947, 2.4268596627023316,]
rel_1-100 = [ 4.396309974008098, 2.572618016655772,]
rel_sub1ms = [ 0.6912827736534455, 1.9105421958084816,]
rel_arithmetic = [ 2.947930240448667, 86.37526697780646,]
abs = [ -104.85327201055942, 10163.458527224257,]

[runtime.z3-noodler]
rel = [ 0.29424030180575267, 4.644565299498131,]
rel_weighted = [ 0.28223043086494704, 4.644565299498131,]
rel_1-100 = [ 0.09704913306938634, 5.598262567290341,]
rel_sub1ms = [ 0.255171840556156, 4.384840947857909,]
rel_arithmetic = [ 0.5762513693503813, 0.5389177703327578,]
abs = [ 311.2519615384616, 4614.402223214094,]

[runtime_min.z3str3]
rel = [ 0.8603244518347501, 2.4364423108423567,]
rel_weighted = [ 3.3863210889213837, 2.4364423108423567,]
rel_1-100 = [ 4.420559548232566, 2.5828685365124375,]
rel_sub1ms = [ 0.6755894011024647, 1.9185383240899703,]
rel_arithmetic = [ 2.9475708235039666, 87.237796885593,]
abs = [ -96.77159931506847, 10064.231843824971,]

[runtime_min.z3-noodler]
rel = [ 0.27650537930705055, 4.853409678153057,]
rel_weighted = [ 0.2791322442731978, 4.853409678153057,]
rel_1-100 = [ 0.0852527681637241, 5.675435563139071,]
rel_sub1ms = [ 0.24564829813215364, 4.633139170475309,]
rel_arithmetic = [ 0.5485650406788493, 0.41882506043031814,]
abs = [ 306.73853846153844, 4594.312050530374,]
