[runtime.z3str3]
rel = [ 0.861705795963301, 2.3713455054585606,]
rel_weighted = [ 2.3111647847494226, 2.3713455054585606,]
rel_1-100 = [ 2.319354212333247, 2.5213799601075926,]
rel_sub1ms = [ 0.7334762708990703, 1.9077812095982727,]
rel_arithmetic = [ 1.3313881250819894, 4.210270066267798,]
abs = [ -1.713591032608718, 5474.661968015081,]

[runtime.z3-noodler]
rel = [ 0.3075914407952416, 4.596360220512929,]
rel_weighted = [ 0.3994910083949309, 4.596360220512929,]
rel_1-100 = [ 0.16744635673135133, 5.125594297883497,]
rel_sub1ms = [ 0.2691974606832183, 4.444847068573722,]
rel_arithmetic = [ 0.5976095951643398, 0.5454061404426616,]
abs = [ 140.64135096153848, 1895.9882125354382,]

[runtime_min.z3str3]
rel = [ 0.8546074418881079, 2.370938088554083,]
rel_weighted = [ 2.3174734291122405, 2.370938088554083,]
rel_1-100 = [ 2.3233531223959125, 2.518941773530899,]
rel_sub1ms = [ 0.7254327395902889, 1.909038030051911,]
rel_arithmetic = [ 1.3203203467094895, 4.217649528363065,]
abs = [ -3.9394570158102478, 5461.54976394751,]

[runtime_min.z3-noodler]
rel = [ 0.2988282522841591, 4.680480851360573,]
rel_weighted = [ 0.39283478897471613, 4.680480851360573,]
rel_1-100 = [ 0.1541963461935344, 5.180164517711163,]
rel_sub1ms = [ 0.2645684211426018, 4.542584003213379,]
rel_arithmetic = [ 0.5798493951645887, 0.4535545698104281,]
abs = [ 140.23322692307693, 1893.2932580632096,]
