[runtime]
z3_rel = [ 2.029003831411905, 10.515873898440624,]
nood_rel = [ 1.3332392865916127, 5.35349360928734,]
z3_abs = [ 0.10400100075343408, 2.7210336616905004,]
nood_abs = [ -0.019178944218061676, 0.5917711226489569,]

[z3_time]
z3_rel = [ 1.7358478168433227, 2.465802688222703,]
nood_rel = [ 1.1929675080240598, 1.7227352704755177,]
z3_abs = [ 0.10972666425470332, 2.7928228118781675,]
nood_abs = [ -0.020833573141486816, 0.6174274219468828,]
